1.011
0.8690
1.844
1.496
1.495
0.9298
0.6208
0.7070
0.8036
0.6360
0.6966
0.5863
0.5779
0.5408
0.4695
0.4860
0.4751
0.4350
0.4892
0.3768
0.3894
0.2756
0.2636
0.3283
0.2160
0.2007
0.2527
0.2290
0.2435
0.3579
0.2493
0.2142
0.2812
0.2648
0.2873
0.1957
0.2128
0.1994
0.2894
0.1671
0.1740
0.1660
0.2054
0.2220
0.2318
0.2179
0.1365
0.1853
0.1677
0.2374
0.1540
0.1619
0.1528
0.1799
0.1494
0.1183
0.1603
0.1346
0.1207
0.1319
0.1124
0.1250
0.1163
0.1171
0.1090
0.0852
0.0957
0.0938
0.1005
0.0928
0.0815
0.0780
0.1210
0.0753
0.1054
0.0863
0.0727
0.0589
0.0814
0.0576
0.0616
0.0617
0.0816
0.0509
0.0906
0.0631
0.0595
0.0931
0.0483
0.0569
0.0591
0.0748
0.0534
0.0543
0.0349
0.0346
0.0388
0.0218
0.0367
0.0394
0.0542
0.0432
0.0575
0.0708
0.0280
