0.6755
0.4788
0.5303
0.7798
0.8055
1.025
0.8561
0.5748
0.5234
0.4292
0.3083
0.3319
0.4245
0.2654
0.2724
0.2596
0.2226
0.2115
0.2210
0.2287
0.1882
0.2114
0.2044
0.1883
0.1400
0.1435
0.1928
0.1583
0.2001
0.1678
0.1610
0.1387
0.1219
0.1334
0.1055
0.1219
0.1049
0.1302
0.1899
0.1040
0.1321
0.1012
0.0710
0.0945
0.1146
0.1101
0.0870
0.0864
0.0775
0.1001
0.1192
0.0813
0.1443
0.0774
0.0583
0.1182
0.0717
0.0888
0.0842
0.0586
0.0699
0.0660
0.0780
0.0544
0.0697
0.0683
0.0846
0.0614
0.0693
0.1142
0.0770
0.0306
0.0964
0.0467
0.0487
0.0605
0.0651
0.0421
0.0451
0.0739
0.0325
0.0446
0.0409
0.0442
0.0401
0.0585
0.0913
0.0540
0.0446
0.0306
0.0344
0.0316
0.0378
0.0515
0.0604
0.0315
0.0640
0.0242
0.0253
0.0381
0.0322
0.0362
0.0583
0.0353
0.0245
0.0285
0.0269
0.0244
0.0161
0.0480
0.0239
0.0228
0.0182
0.0137
0.0331
0.0253
0.0323
0.0253
0.0309
0.0375
0.0157
0.0354
0.0237
0.0217
0.0226
0.0202
0.0154
0.0215
0.0189
0.0212
0.0196
0.0186
0.0221
0.0267
0.0200
0.0255
0.0128
0.0277
0.0229
0.0192
0.0192
0.0147
0.0206
0.0199
0.0058
0.0075
