0.7011
0.5277
0.4985
1.159
1.104
0.5585
0.5127
1.250
0.5474
0.5763
0.4904
0.4846
0.8099
0.3221
0.4441
0.5077
0.3756
0.2937
0.2864
0.2768
0.2745
0.2912
0.3263
0.2923
0.1957
0.1882
0.1630
0.1926
0.1922
0.2978
0.1831
0.1728
0.1970
0.1635
0.1917
0.1418
0.1811
0.1948
0.1793
0.1359
0.1513
0.1277
0.0883
0.1281
0.1439
0.1055
0.0899
0.0802
0.0947
0.1028
0.0753
0.1312
0.1278
0.0818
0.1183
0.0792
0.0798
0.0968
0.0799
0.1177
0.1013
0.0612
0.0825
0.0710
0.0935
0.0595
0.0709
0.0450
0.0530
0.0949
0.1185
0.0777
0.0549
0.0689
0.0785
0.0579
0.0526
0.0498
0.0608
0.0452
0.0393
0.0288
0.0479
0.0547
0.0566
0.0664
0.0419
0.0589
0.0988
0.0494
0.0534
0.0866
0.0544
0.0731
0.0359
0.0334
0.0392
0.0321
0.0361
0.0669
0.0518
0.0519
0.0798
0.0507
0.0340
0.0436
0.0461
0.0547
0.0349
0.0333
0.0362
0.0239
0.0287
0.0321
0.0595
0.0246
0.0388
0.0566
0.0220
0.0282
0.0195
0.0285
0.0312
0.0247
0.0533
0.0453
0.0347
0.0520
0.0299
0.0462
0.0397
0.0357
0.0301
0.0196
0.0216
0.0227
0.0237
0.0212
0.0172
0.0315
0.0152
0.0194
0.0239
0.0257
0.0285
0.0309
0.0274
0.0252
0.0326
0.0178
0.0408
0.0076
0.0138
0.0315
0.0197
0.0168
0.0262
0.0104
0.0170
0.0190
0.0135
0.0149
0.0207
0.0158
0.0072
0.0197
0.0216
0.0141
0.0161
0.0197
0.0216
0.0072
0.0212
0.0074
0.0125
0.0256
0.0183
0.0224
0.0095
0.0130
0.0097
0.0122
0.0107
0.0115
0.0089
0.0104
0.0102
0.0145
0.0147
0.0129
0.0057
0.0294
0.0057
0.0089
0.0053
0.0057
0.0250
0.0084
0.0117
0.0089
0.0121
0.0084
0.0072
0.0152
0.0050
0.0053
0.0099
0.0092
0.0043
0.0058
0.0031
0.0152
0.0166
0.0069
0.0039
0.0022
0.0019
0.0108
0.0021
0.0161
0.0068
0.0044
0.0173
0.0083
0.0031
0.0086
0.0067
0.0217
