0.7529
0.4816
0.4494
0.4866
0.6624
0.5128
0.4687
0.6624
0.7707
0.3908
0.2113
0.1857
0.2798
0.2005
0.1846
1.000
0.2118
0.1785
0.2487
0.1420
0.1103
0.1242
0.1718
0.1057
0.1426
0.1324
0.0840
0.1463
0.2297
0.1582
0.1701
0.1146
0.1004
0.1027
0.1061
0.0700
0.0821
0.0576
0.0565
0.0785
0.1257
0.0859
0.0876
0.0645
0.0786
0.0688
0.0422
0.0676
0.0593
0.0545
0.0771
0.0592
0.0656
0.0541
0.0522
0.0506
0.0763
0.0459
0.0507
0.0734
0.0640
0.0620
0.0540
0.0691
0.0418
0.0762
0.0545
0.0611
0.0506
0.0614
0.0455
0.0584
0.0503
0.0300
0.0526
0.0215
0.0379
0.0271
0.0437
0.0253
0.0336
0.0530
0.0443
0.0484
0.0397
0.0266
0.0333
0.0325
0.0631
0.0563
0.0409
0.0526
0.0276
0.0249
0.0386
0.0374
0.0413
0.0421
0.0451
0.0681
0.0422
0.0443
0.0649
0.0409
0.0292
0.0518
0.0293
0.0333
0.0173
0.0276
0.0236
0.0587
0.0332
0.0326
0.0232
0.0166
0.0303
0.0332
0.0177
0.0268
0.0238
0.0362
0.0455
0.0292
0.0278
0.0180
0.0194
0.0265
0.0322
0.0295
0.0640
0.0173
0.0130
0.0159
0.0212
0.0417
0.0294
0.0462
0.0116
0.0260
0.0176
0.0258
0.0228
0.0159
0.0256
0.0310
0.0193
0.0214
0.0098
0.0269
0.0126
0.0177
0.0182
0.0244
0.0182
0.0155
0.0197
0.0209
0.0136
0.0152
0.0110
0.0293
0.0147
0.0185
0.0154
0.0132
0.0214
0.0235
0.0261
0.0139
0.0323
0.0067
0.0302
0.0261
0.0283
0.0256
0.0192
0.0163
0.0086
0.0113
0.0166
0.0250
0.0181
0.0144
0.0316
0.0216
0.0160
0.0176
0.0084
0.0432
0.0095
0.0172
0.0131
0.0148
0.0101
0.0050
0.0423
0.0110
0.0185
0.0185
0.0185
0.0204
0.0371
0.0259
0.0181
0.0106
0.0191
0.0090
0.0080
0.0181
0.0064
0.0057
0.0145
0.0094
0.0063
0.0162
0.0092
0.0125
0.0142
0.0136
0.0085
0.0084
0.0107
0.0033
0.0088
0.0127
0.0120
0.0047
0.0118
0.0156
0.0132
0.0167
0.0130
0.0102
0.0125
0.0080
0.0178
0.0089
0.0046
0.0161
0.0202
0.0077
0.0052
0.0061
0.0095
0.0073
0.0058
0.0051
0.0080
0.0017
0.0073
0.0115
0.0065
0.0107
0.0089
0.0037
0.0036
0.0063
0.0035
0.0087
0.0034
0.0024
0.0283
0.0043
0.0172
0.0069
0.0037
0.0082
0.0099
0.0033
0.0070
0.0066
0.0066
0.0144
0.0050
0.0094
0.0069
0.0076
0.0071
0.0019
0.0151
0.0098
0.0138
0.0056
0.0105
0.0074
0.0118
0.0089
0.0045
0.0033
0.0045
0.0073
0.0028
0.0024
0.0019
0.0037
0.0020
0.0034
0.0032
0.0011
0.0018
0.0057
0.0042
0.0089
0.0051
0.0100
0.0041
0.0021
0.0055
0.0034
0.0054
0.0083
0.0021
0.0101
0.0024
0.0019
0.0032
0.0047
0.0044
0.0140
0.0064
0.0021
0.0101
0.0008
0.0033
0.0026
0.0020
0.0030
0.0057
0.0092
0.0036
0.0010
0.0025
0.0011
0.0030
0.0062
0.0079
0.0009
0.0049
0.0034
0.0076
0.0045
0.0007
0.0009
0.0007
0.0017
0.0018
0.0032
0.0008
0.0013
0.0031
