0.6843
0.7114
1.015
1.417
1.204
1.283
1.733
1.045
1.067
1.030
1.070
1.125
1.453
1.087
1.030
1.039
0.9497
1.118
0.9463
1.013
0.9390
0.9842
0.9438
0.9875
0.9881
0.9922
0.9581
1.011
0.9505
0.9571
0.8570
0.9497
0.9488
0.9875
0.9125
0.9395
0.9479
0.8976
0.9337
0.9076
0.9359
0.9350
0.9265
0.9577
0.8845
0.8889
0.8404
0.9706
0.9080
0.9012
0.8660
0.8911
0.9403
0.8596
0.8995
0.9617
0.9205
0.8665
0.8862
0.9052
0.7682
0.7898
0.7978
0.7687
0.6721
0.6440
0.5661
0.5582
0.5690
0.5121
0.5483
0.4586
0.5093
0.4816
0.4732
0.4712
0.4811
0.4864
0.4461
0.4771
