0.7604
0.4221
0.8527
1.980
0.6180
0.7762
1.098
0.8038
0.7486
0.5803
0.5246
0.8270
0.6752
0.6336
0.5596
0.5089
0.5523
0.4733
0.5641
0.5209
0.4777
0.4682
0.4549
0.5167
0.5293
0.5486
0.5368
0.4482
0.4624
0.4607
0.4339
0.4485
0.3762
0.6811
0.4027
0.4303
0.3210
0.2815
0.2742
0.2858
0.2888
0.1994
0.2202
0.2085
0.1751
0.2305
0.1703
0.2329
0.2532
0.1544
0.1802
0.1005
0.1094
0.1100
0.1057
0.1217
0.1090
0.0933
0.1197
0.0868
0.1103
0.1133
0.0928
0.1108
0.0996
0.1044
0.1003
0.0836
0.0678
0.0707
0.0771
0.0940
0.0918
0.0603
0.0419
0.0680
0.0520
0.0650
0.0634
0.0449
0.0538
0.0709
0.0577
0.0550
0.0573
0.0476
0.0421
0.0353
0.0285
0.0700
0.0656
0.0467
0.0455
0.0533
0.0776
0.0559
0.0290
0.0372
0.0633
0.0286
0.0496
0.0534
0.0423
0.0347
0.0473
0.0312
0.0303
0.0411
0.0382
0.0301
0.0255
0.0248
0.0321
0.0322
0.0269
0.0167
0.0297
0.0300
0.0224
0.0319
0.0412
0.0253
0.0406
0.0341
0.0204
0.0344
0.0307
0.0106
0.0338
0.0380
0.0210
0.0185
0.0189
0.0247
0.0151
0.0198
0.0150
0.0333
0.0254
0.0146
0.0147
0.0163
0.0211
0.0222
0.0131
0.0209
0.0130
0.0318
0.0252
0.0193
0.0158
0.0150
0.0158
0.0094
0.0134
0.0133
0.0193
0.0118
0.0219
0.0284
0.0079
0.0169
0.0087
0.0135
0.0333
0.0081
0.0089
0.0096
0.0093
0.0074
0.0133
0.0159
0.0069
0.0129
0.0105
0.0083
0.0124
0.0062
0.0051
0.0314
0.0174
0.0149
0.0120
0.0181
0.0076
0.0106
0.0080
0.0053
0.0087
0.0081
0.0095
0.0101
0.0116
0.0050
0.0093
0.0054
0.0089
0.0088
0.0112
0.0054
