1.048
0.6107
0.6468
1.044
0.5777
0.7949
0.7442
0.7181
0.4637
0.5076
0.4115
0.4701
0.4354
0.3857
0.3771
0.3614
0.4164
0.3567
0.3921
0.3828
0.2915
0.3065
0.3427
0.3765
0.2936
0.3022
0.2852
0.2733
0.2727
0.2598
0.2572
0.2408
0.2319
0.2519
0.2263
0.2766
0.2695
0.2502
0.2190
0.2011
0.2135
0.1956
0.1763
0.1770
0.1827
0.2151
0.1915
0.1672
0.2038
0.1910
0.2320
0.1850
0.1806
0.2028
0.1998
0.1851
0.1719
0.1909
0.1841
0.2560
0.2084
0.1716
0.1476
0.1826
0.1779
0.1764
0.1580
0.1106
0.1065
0.1307
0.1560
0.1659
0.1446
0.1390
0.1244
0.1944
0.1177
0.1760
0.1587
0.1290
0.1622
0.1350
0.1208
0.1240
0.0950
0.1469
0.1406
0.0944
0.1054
0.1111
0.1096
0.1346
0.1231
0.0976
0.1308
0.1012
0.1070
0.0961
0.1044
0.0903
0.0939
0.0862
0.0969
0.0984
0.0966
0.1127
0.0767
0.0961
0.0759
0.1100
0.1509
0.0702
0.1066
0.1025
0.0871
0.0915
0.1185
0.0499
0.1152
0.0967
0.0849
0.1135
0.0751
0.0999
0.0820
0.1003
0.0637
0.0885
0.0592
0.0466
0.0663
0.0611
0.1102
0.0651
0.0562
0.0891
0.0750
0.0954
0.0728
0.0356
0.0410
0.0800
0.0848
0.0829
0.0893
0.0597
0.1017
0.0395
0.0372
0.0658
0.0575
0.0264
0.0567
0.0615
0.0630
0.0868
0.0657
0.0420
0.0386
0.0751
0.0601
0.0473
0.0551
0.0586
0.0616
0.0442
0.0633
0.0681
0.0600
0.0402
0.0340
0.0299
0.0340
0.0240
0.0443
0.0264
0.0659
0.0394
0.0714
0.0190
0.0761
0.0382
0.0388
0.0224
0.0310
0.0213
0.0612
0.0618
0.0364
0.0538
0.0406
0.0580
0.0614
0.0351
0.0521
0.0352
0.0578
0.0355
0.0252
0.0297
0.0240
0.0258
0.0335
0.0219
0.0347
0.0632
0.0342
0.0486
0.0203
0.0171
0.0176
0.0421
0.0295
0.0391
0.0404
0.0387
0.0315
0.0392
0.0360
0.0208
0.0214
0.0271
0.0350
0.0276
0.0201
0.0155
0.0195
0.0155
