0.9911
0.6873
0.4465
0.5834
0.7400
0.7629
0.9844
0.4514
0.6116
0.5997
0.4337
0.3623
0.6725
0.4302
0.4355
0.3521
0.3819
0.3319
0.2783
0.3328
0.2963
0.2401
0.2696
0.3401
0.2144
0.2824
0.2687
0.2502
0.2129
0.2164
0.1986
0.2025
0.1991
0.1824
0.2266
0.2308
0.1994
0.2029
0.2202
0.1558
0.1515
0.1832
0.2235
0.1779
0.2235
0.1562
0.1404
0.1915
0.1480
0.1489
0.1252
0.1060
0.1511
0.1377
0.1531
0.1122
0.1562
0.1828
0.1621
0.1354
0.1477
0.0854
0.1155
0.1097
0.2121
0.1104
0.1065
0.1821
0.1234
0.1124
0.0954
0.0904
0.1114
0.0890
0.1136
0.1667
0.1429
0.1559
0.1062
0.1262
0.1763
0.1432
0.0812
0.1322
0.0984
0.0827
0.1373
0.1114
0.0883
0.0964
0.1385
0.1429
0.1303
0.1045
0.1224
0.1270
0.1134
0.0977
0.0969
0.0948
0.0830
0.0504
0.1100
0.0680
0.0810
0.1040
0.0830
0.0860
0.1049
0.0951
0.0937
0.0915
0.0763
0.1044
0.0772
0.1374
0.0970
0.0901
0.0751
0.0969
0.0834
0.0631
0.0837
0.0583
0.0763
0.0598
0.1060
0.0850
0.0934
0.0795
0.0586
0.0546
0.0847
0.0961
0.0555
0.0738
0.0704
0.0398
0.0784
0.0814
0.0800
0.1230
0.1113
0.0615
0.0726
0.0830
0.0875
0.0653
0.1033
0.0914
0.1048
0.0807
0.0776
0.0661
0.0391
0.0632
0.0846
0.1073
0.0989
0.0858
0.1008
0.0427
0.0739
0.1404
0.0958
0.0439
0.0599
0.0379
0.0528
0.0778
0.0925
0.0778
0.0803
0.0690
0.0731
0.0517
0.0606
0.0607
0.0562
0.0363
0.0753
0.0684
0.0478
0.0661
0.0408
0.0450
0.0362
0.0584
0.0415
0.0763
0.0335
0.1094
0.0458
0.0317
0.0454
0.0447
0.0716
0.0547
0.0563
0.0716
0.0561
0.0445
0.0764
0.0460
0.0462
0.0530
0.0378
0.0648
0.0446
0.0303
0.0175
0.0525
0.0348
0.0433
0.0635
0.0476
0.0215
0.0410
0.0255
0.0222
0.0295
0.0271
0.0397
0.0195
0.0331
0.0568
0.0328
0.0508
0.0236
0.0411
0.0207
0.0214
0.0293
0.0230
0.0260
0.0550
0.0196
0.0390
0.0367
0.0241
0.0505
0.0405
0.0341
0.0438
0.0321
0.0486
0.0612
0.0355
0.0574
0.0369
0.0330
0.0242
0.0447
0.0154
0.0359
0.0480
0.0508
0.0222
0.0390
0.0156
0.0302
0.0334
0.0229
0.0171
0.0268
0.0356
0.0283
0.0134
0.0160
0.0293
0.0205
0.0088
0.0205
0.0091
0.0109
0.0351
0.0199
0.0099
0.0626
0.0238
0.0134
0.0206
0.0108
0.0299
0.0227
0.0162
0.0266
0.0266
0.0040
0.0101
0.0172
0.0162
0.0565
0.0304
0.0486
0.0312
0.0149
0.0107
0.0122
0.0203
0.0230
0.0297
0.0127
0.0181
0.0207
0.0273
0.0129
0.0086
0.0360
0.0043
0.0163
0.0096
0.0389
0.0105
0.0298
0.0184
0.0159
0.0122
0.0143
0.0172
0.0087
0.0086
0.0102
0.0279
0.0104
0.0136
0.0192
0.0092
0.0146
0.0207
0.0286
0.0213
0.0052
0.0211
0.0073
0.0060
0.0130
0.0135
0.0066
0.0434
0.0090
0.0083
0.0062
0.0058
0.0145
0.0080
0.0091
0.0052
0.0095
